# YearsAfter Average19thCenturyTemperature Average20thCenturyTemperature
0 8.484250 8.501583
1 8.589667 8.541917
2 8.578167 8.304417
3 8.503000 8.220167
4 8.844833 8.090917
5 8.562750 8.225167
6 8.434083 8.379083
7 8.281417 7.947167
8 7.626833 8.186083
9 7.076417 8.178250
10 6.922667 8.223000
11 6.859500 8.177000
12 7.046250 8.165417
13 7.739917 8.297750
14 7.591750 8.590500
15 7.239333 8.593167
16 6.937500 8.225250
17 6.975667 8.023333
18 7.828917 8.130833
19 7.369167 8.382250
20 7.616250 8.358750
21 8.090083 8.571000
22 8.188333 8.408000
23 7.718667 8.422167
24 8.547167 8.506833
25 8.389333 8.534417
26 8.356583 8.728833
27 8.808750 8.522083
28 8.165333 8.632167
29 7.941833 8.242417
30 8.516750 8.633583
31 7.639167 8.719250
32 7.450167 8.705250
33 8.013000 8.338250
34 8.146750 8.628333
35 7.392500 8.515750
36 7.695833 8.554000
37 7.375667 8.698333
38 7.514917 8.863667
39 7.632250 8.760333
40 7.796250 8.764667
41 7.688167 8.768667
42 8.022750 8.728417
43 8.173667 8.755083
44 7.646333 8.845000
45 7.851167 8.584833
46 8.552750 8.676917
47 8.086000 8.797083
48 7.979500 8.746750
49 7.984417 8.586750
50 7.900667 8.365250
51 8.178583 8.625667
52 8.100167 8.638250
53 8.041833 8.873750
54 8.210500 8.560667
55 8.110750 8.626250
56 7.995917 8.279583
57 7.758167 8.732500
58 8.100250 8.773750
59 8.252000 8.732667
60 7.960833 8.583750
61 7.846500 8.797667
62 7.558583 8.745917
63 8.111833 8.856000
64 7.983583 8.409667
65 8.177833 8.527417
66 8.292167 8.599333
67 8.436333 8.700083
68 8.247917 8.516333
69 8.432083 8.595083
70 8.201333 8.700917
71 8.115083 8.599250
72 8.193833 8.499583
73 8.351083 8.948250
74 8.433500 8.467500
75 7.859583 8.744833
76 8.080083 8.347250
77 8.539583 8.850250
78 8.829750 8.692750
79 8.165833 8.733417
80 8.118750 8.980333
81 8.270917 9.165833
82 8.128917 8.639167
83 7.976917 9.028167
84 7.773667 8.691833
85 7.919667 8.658000
86 7.954500 8.833583
87 7.914917 8.994417
88 8.090500 9.201583
89 8.319000 8.922000
90 7.971667 9.234167
91 8.019333 9.179417
92 8.065833 8.836583
93 8.056750 8.866583
94 8.161000 9.038750
95 8.147000 9.347083
96 8.214917 9.038917
97 8.293333 9.202583
98 8.178000 9.522667
99 8.396333 9.285083
